m_1293:0.15207		34M
m_7168:0.264783		31M
m_6337:0.11378		23M
m_1377:0.15959		21M
m_2224:0.181387		21M
m_4422:0.179813		17M
m_4079:0.17769		18M
m_1920:0.167604		11M
m_7800:0.260593		13M
m_5825:0.119168		9M
m_2878:0.12335		6M
m_1263:0.150708		5M
m_7973:0.138162		4M
m_4187:0.181107		3M
m_6167:0.165503		2M
m_5529:0.11001		1M







